1 0.5334344602937828 0.35425693625470855 0.09061544591438017 0.20768399483797928
1 0.2709677765828168 0.6112464289583825 0.11117096004450992 0.1518578805076956
1 0.27636924345275704 0.8152597751400458 0.15228856482231118 0.20631315345671433
1 0.13903532652717934 0.4225198586683708 0.08587701023814537 0.11634200382897417
0 0.7150711610683246 0.2562681500673767 0.06183144737146477 0.08376624275686145
0 0.33059757797462586 0.09819630047508324 0.04048937865716885 0.05984849067574353
0 0.25838755726833856 0.2139250031340902 0.04111760477780114 0.054455272949018745
0 0.19036033383187909 0.302849954988304 0.03778588450478395 0.05119048168474865
0 0.36322054338748144 0.4258838919946183 0.06360470029527221 0.07992425174785625
0 0.3944723428622126 0.6936418303339789 0.043511018520660374 0.05894661527334696
0 0.04822631337486459 0.5442730892717863 0.020379566279395835 0.0663239563213504
0 0.21379007922099025 0.7629509633411364 0.052671232946062456 0.07135642901510424
0 0.09028805680834534 0.8535263391051555 0.03768252436827536 0.04980159279585968