0 0.21192141589504981 0.2931218487140885 0.05063859863870035 0.06863671611499012
0 0.5524389850427268 0.16193859282446557 0.05373892100433508 0.07283896404039773
0 0.45255257199505206 0.48002447094022455 0.03175227300216754 0.03691281189587814
0 0.3266835833549615 0.7085334584965404 0.02910697694489206 0.04312723063713738
0 0.48608596821177286 0.7087762792036307 0.04857171706161045 0.06583521749805173
1 0.3258335985063494 0.21752918135202062 0.11471192752848447 0.15548317324007974
1 0.48285191104164304 0.15196746073820988 0.13919249991176597 0.13721515526027858
1 0.5746435146043374 0.22116318998841514 0.07234085519814348 0.098052451592843
1 0.5250177266448965 0.40992719085476387 0.07745118085232305 0.10375411480185563
1 0.4885191097868483 0.5287038281313708 0.037782282867802275 0.041411057746693146
1 0.42808553572400077 0.6047785748485347 0.05580580258142487 0.07564046265733608
1 0.5677672281656415 0.5802033407498731 0.06086888154179615 0.05800329184148456