0 0.04889814179867183 0.6928571291214616 0.03447687953990137 0.04669913936042052
0 0.12426234394421094 0.674224361001202 0.028977184490136722 0.04033189466071103
0 0.07806886299540462 0.8556817983691387 0.04569479092675408 0.06360029542650586
0 0.314391980495853 0.6342622094873356 0.04458028383097954 0.06204906870878628
0 0.30070154904940044 0.8657557162305818 0.04249695049764621 0.06172439305112473
0 0.4128554356850762 0.8055735197333803 0.03232070577746017 0.04498557481387024
0 0.5106266641456512 0.8915854080124676 0.0469768795399015 0.04864719330638978
0 0.7556251738136909 0.5441466990285585 0.04458028383097954 0.06204906870878628
1 0.0012430697812710187 0.8989628388002548 0.0024861395625420373 0.04096321128837922
1 0.19953918610524546 0.6769570328298893 0.06687042574646943 0.09307360306317934
1 0.20171036472733134 0.8522546500460841 0.08470253927886126 0.11789323054669391
1 0.2868904213254595 0.8927037701765509 0.08183986188449903 0.08300867049564115
1 0.36889381019726514 0.6588293000638075 0.040413617164312875 0.061399717393463185
1 0.5652041755456175 0.5896644060979805 0.06464141155492034 0.08997114962774017