0 0.17348958333333328 0.10394444444444449 0.02929166666666667 0.04908333333333334
0 0.1508541666666666 0.18905555555555556 0.03406249999999999 0.04413888888888887
0 0.2603958333333333 0.2405555555555556 0.03418750000000002 0.04425000000000002
0 0.22583333333333327 0.3778055555555555 0.04847916666666669 0.05738888888888892
0 0.3784374999999999 0.18413888888888894 0.03046875 0.04263888888888887
0 0.5272500000000001 0.30887499999999996 0.03196875000000006 0.0474444444444444
0 0.5805729166666665 0.39438888888888896 0.028989583333333256 0.04329166666666661
0 0.6319687500000001 0.46777777777777774 0.028697916666666618 0.04272222222222221
0 0.4969374999999999 0.5431666666666666 0.040156249999999956 0.05723611111111116
0 0.4543333333333334 0.7228194444444446 0.030031250000000044 0.04119444444444448
0 0.6015104166666667 0.8041111111111111 0.04076041666666678 0.05640277777777764
0 0.699 0.8861388888888888 0.029302083333333447 0.0369583333333332
1 0.0390625 0.01875 0.078125 0.0375
1 0.2630208333333333 0.06736111111111111 0.221875 0.13472222222222222
1 0.21302083333333333 0.10069444444444445 0.16354166666666667 0.2013888888888889
1 0.0765625 0.1840277777777778 0.153125 0.26805555555555555
1 0.36353125000000003 0.46758333333333346 0.06738541666666673 0.13686111111111107
1 0.6709062499999999 0.562236111111111 0.07113541666666663 0.05088888888888887
1 0.5597083333333333 0.6832916666666667 0.08855208333333332 0.06780555555555555
1 0.5454166666666665 0.8298888888888889 0.04327083333333329 0.1719305555555555
1 0.7673541666666668 0.7425833333333335 0.04507291666666665 0.044583333333333204
1 0.9029791666666666 0.90775 0.03480208333333342 0.09408333333333335