0 0.028291666666666635 0.8089305555555555 0.03412499999999999 0.03286111111111122
0 0.05966666666666664 0.9088194444444445 0.030885416666666672 0.038111111111111186
0 0.25671875000000005 0.9084166666666665 0.03071875000000001 0.03497222222222231
0 0.29219791666666667 0.9686111111111111 0.03219791666666663 0.034944444444444556
0 0.37337500000000007 0.8887361111111111 0.029562499999999995 0.03729166666666654
0 0.39855208333333325 0.7491527777777778 0.03476041666666667 0.03602777777777785
0 0.4317708333333333 0.9805555555555555 0.036458333333333336 0.03888888888888889
0 0.5360937500000001 0.6637222222222222 0.03193750000000003 0.038875000000000014
0 0.6126875 0.6523194444444445 0.0305416666666666 0.03920833333333336
0 0.68103125 0.6358611111111111 0.03175000000000002 0.036402777777777826
0 0.6569687500000001 0.8029722222222222 0.039208333333333435 0.048736111111110994
0 0.7473854166666667 0.9306527777777779 0.028999999999999915 0.03545833333333329
0 0.8671666666666666 0.8224166666666667 0.037541666666666626 0.04823611111111114
0 0.9681875000000001 0.7640277777777779 0.03291666666666657 0.03799999999999986
0 0.8550104166666667 0.6022083333333333 0.041020833333333444 0.04551388888888886
1 0.09600000000000009 0.9782777777777778 0.15565625 0.038083333333333434
1 0.2653020833333334 0.8581388888888889 0.19205208333333335 0.05483333333333336
1 0.22188541666666667 0.7571666666666667 0.27889583333333334 0.07290277777777779
1 0.5520833333333334 0.8944305555555556 0.06912499999999995 0.11584722222222234
1 0.7537708333333332 0.6376805555555556 0.05392708333333331 0.07245833333333328
1 0.77634375 0.81125 0.07128125000000006 0.07452777777777789
1 0.8578645833333333 0.8906388888888889 0.13043750000000004 0.08162499999999998
1 0.9106875 0.6259305555555555 0.037739583333333354 0.053611111111111144