0 0.03150000000000001 0.8000694444444444 0.025572916666666664 0.03852777777777779
0 0.11172916666666666 0.7809166666666667 0.028312500000000008 0.03680555555555556
0 0.18509375000000006 0.7603472222222223 0.02648958333333334 0.02919444444444442
0 0.16657291666666676 0.9414166666666668 0.03742708333333334 0.05001388888888888
0 0.3715833333333334 0.7150833333333334 0.03604166666666669 0.048361111111111105
0 0.3943541666666666 0.94425 0.03358333333333334 0.04956944444444452
0 0.4986354166666667 0.8809166666666667 0.02503124999999997 0.03872222222222237
0 0.6125 0.9729166666666667 0.03958333333333333 0.05416666666666667
0 0.8053333333333332 0.6118194444444445 0.03959374999999999 0.04601388888888888
1 0.05625 0.9902777777777778 0.07916666666666666 0.019444444444444445
1 0.26196875000000003 0.7605694444444444 0.056812499999999995 0.07227777777777773
1 0.29151041666666655 0.9336944444444444 0.07476041666666665 0.0863611111111112
1 0.384375 0.9902777777777778 0.13125 0.019444444444444445
1 0.4306562500000001 0.7375 0.03305208333333335 0.05052777777777793
1 0.6193333333333333 0.6626388888888889 0.07215624999999998 0.0470833333333333