0 0.9139160879580319 0.9539813725364396 0.03413342033930557 0.04764430566952929
0 0.675531143239305 0.9850027615706514 0.03510235182361114 0.029994476858697303
0 0.5637948626540966 0.9419106074508256 0.033067508611851794 0.04619882389513413
0 0.5574379372484949 0.7983740123684682 0.03517508700597224 0.047700898555035565
0 0.494329197887291 0.9946342174221987 0.038154616641250055 0.010731565155602614
0 0.43389307636930513 0.6783601252205355 0.03723417527851858 0.0464251954371589
0 0.35988668838798576 0.6472304005735141 0.03515084194518513 0.046312009666146674
0 0.29479507972530056 0.6131094932310727 0.034109175278518575 0.04625541678064041
0 0.29599172644555505 0.7834747536619859 0.04370238082560197 0.05926475275019559
0 0.18995819009828646 0.884759909555818 0.03301901849027781 0.04342104611735667
0 0.08653230420638842 0.7470712872325016 0.042660714158935215 0.05920815986468963
0 0.006390680155254428 0.6638452626277649 0.012781360310508857 0.04713496969997411
0 0.12829899943131912 0.5345535942201419 0.04370238082560188 0.05926475275019559
1 0.6738240438217588 0.9238657172107761 0.1364367011140743 0.15226856557844776
1 0.7300995953033097 0.8522411722496823 0.19506184612402797 0.26452316471428755
1 0.3867483323855319 0.9003170760275867 0.09164416350023145 0.1229225437090823
1 0.22315040780277742 0.5960101396867056 0.06291303698055563 0.08667231357819484
1 0.17753266717499952 0.7603564980476208 0.08176001722370377 0.09324654107286076
1 0.08636171783370321 0.8165723245624523 0.11296239804930565 0.15183217919698266
1 0.0702804164146293 0.5432182446301075 0.044816782674629664 0.06348801230236853