0 0.53275 0.14518055555555556 0.06157291666666668 0.08619444444444445
0 0.7109062500000001 0.07048611111111111 0.042520833333333265 0.05916666666666666
0 0.5017708333333333 0.42743055555555554 0.04131249999999997 0.0556805555555556
0 0.8778125 0.38304166666666667 0.05310416666666669 0.06977777777777779
0 0.6905729166666668 0.56025 0.056968750000000054 0.0710972222222223
0 0.8192708333333333 0.7019722222222222 0.03194791666666674 0.0514722222222223
0 0.8192708333333333 0.9527083333333334 0.05697916666666671 0.07748611111111106
1 0.76446875 0.21369444444444446 0.09751041666666656 0.09530555555555556
1 0.6280208333333334 0.3750555555555556 0.11657291666666675 0.10941666666666663
1 0.6252708333333333 0.5922638888888889 0.0756041666666666 0.2630138888888889
1 0.8951770833333333 0.49562500000000004 0.05656249999999995 0.05581944444444452