0 0.18985416666666666 0.04583333333333333 0.026572916666666658 0.03852777777777777
0 0.1026458333333333 0.20951388888888892 0.03773958333333332 0.0544583333333333
0 0.3225104166666666 0.2836944444444444 0.02703125000000005 0.04434722222222223
0 0.30403124999999986 0.3674166666666666 0.03180208333333331 0.04219444444444444
0 0.41433333333333333 0.4049583333333334 0.029270833333333357 0.044986111111111095
0 0.5280625000000001 0.3367361111111112 0.029427083333333333 0.044763888888888916
0 0.38529166666666675 0.5380416666666668 0.04208333333333331 0.055347222222222256
0 0.6757500000000001 0.43559722222222236 0.030760416666666637 0.04229166666666673
0 0.7292916666666666 0.5129583333333332 0.02733333333333334 0.04966666666666665
0 0.7801666666666667 0.5754305555555554 0.026895833333333268 0.04391666666666667
0 0.9022395833333334 0.7432777777777779 0.035395833333333356 0.06263888888888876
0 0.6540729166666668 0.6618333333333333 0.039541666666666704 0.05545833333333326
0 0.6189166666666668 0.8390138888888887 0.02762499999999998 0.042805555555555465
0 0.7631145833333333 0.8963194444444443 0.040749999999999884 0.04897222222222221
0 0.8582187500000001 0.9638472222222223 0.03285416666666663 0.05058333333333343
1 0.16518749999999993 0.1433333333333334 0.12721875 0.17962500000000006
1 0.21180208333333325 0.3731527777777777 0.19819791666666664 0.24130555555555558
1 0.40677083333333336 0.14305555555555555 0.228125 0.2861111111111111
1 0.3646666666666666 0.2631666666666667 0.16465624999999992 0.20672222222222228
1 0.5268125 0.6111944444444444 0.06071874999999996 0.13652777777777772
1 0.7178854166666667 0.7904861111111112 0.0832187500000001 0.057611111111111134
1 0.7082812500000001 0.9228611111111111 0.054749999999999945 0.15427777777777768
1 0.82315625 0.6577916666666666 0.06760416666666676 0.04186111111111109
1 0.9210833333333334 0.8192777777777779 0.04655208333333339 0.041027777777777726