1 0.4625 0.013194444444444444 0.24583333333333332 0.02638888888888889
1 0.23125 0.11170833333333327 0.21027083333333335 0.06070833333333334
1 0.42948958333333326 0.2242777777777778 0.30466666666666664 0.07752777777777776
1 0.821875 0.06944444444444445 0.08958333333333333 0.1388888888888889
0 0.1890625 0.022916666666666665 0.042708333333333334 0.04583333333333333
0 0.03816666666666667 0.08829166666666674 0.04997916666666666 0.05194444444444445
0 0.23094791666666667 0.21919444444444453 0.053916666666666654 0.05933333333333337
0 0.44506249999999997 0.04854166666666673 0.04020833333333336 0.048097222222222215
0 0.4918645833333333 0.12373611111111116 0.037729166666666696 0.04776388888888887
0 0.5994270833333334 0.04258333333333329 0.037020833333333295 0.048097222222222215
0 0.67034375 0.15620833333333337 0.05061458333333325 0.054305555555555565
0 0.9463541666666667 0.001388888888888889 0.046875 0.002777777777777778