0 0.05572916666666667 0.7374444444444445 0.059687500000000004 0.08918055555555561
0 0.22107291666666667 0.801513888888889 0.052854166666666674 0.07843055555555559
0 0.3759895833333334 0.4256111111111111 0.050197916666666724 0.06549999999999996
0 0.46855208333333326 0.44029166666666664 0.043656249999999966 0.061527777777777716
0 0.46156249999999993 0.9334305555555557 0.06716666666666668 0.10337500000000009
0 0.43045833333333333 0.21315277777777777 0.05079166666666666 0.06836111111111107
0 0.5611250000000001 0.25579166666666664 0.05379166666666677 0.08143055555555555
0 0.29711458333333335 0.023708333333333335 0.05078125 0.04741666666666667
1 0.1480104166666666 0.31327777777777777 0.21089583333333337 0.5408472222222221
1 0.3547083333333333 0.8219305555555555 0.12846875000000005 0.33591666666666675
1 0.31795833333333334 0.3458333333333333 0.12579166666666666 0.3837222222222222
1 0.5288229166666667 0.6503194444444444 0.10170833333333337 0.4728611111111112