0 0.20368006967877156 0.8761568835268728 0.04918399307229322 0.06923541832658422
0 0.3998123884844205 0.719128703821935 0.037893241256332644 0.05135363133316875
0 0.3650405780022697 0.6456299754525111 0.04012225544788161 0.0543744331762961
0 0.46359115052387356 0.5663606851392604 0.04123676254365615 0.05588483409785994
0 0.5873235814661231 0.5875604439829644 0.04012225544788161 0.0543744331762961
0 0.4077020260957184 0.44991028446909564 0.0523818335014011 0.0709888433134978
0 0.7087582123177819 0.4350537079476149 0.03908058878121494 0.05425292114362132
0 0.7446121642112195 0.33934251645107183 0.04123676254365615 0.05588483409785994
0 0.7807829477060636 0.25966430319308836 0.037893241256332526 0.051353631333168594
0 0.8636323532248655 0.05087230960201865 0.04850652855116569 0.07605835073835379
0 0.6412179458060693 0.22633757993428144 0.050225659738959885 0.06935693035925918
0 0.5706436085046794 0.06967865698954877 0.03677873416055822 0.04984323041160484
1 0.2757881105214918 0.8921996208605356 0.1637306635389487 0.18060529286855928
1 0.27495093089099976 0.6764011672004533 0.24654649011264287 0.3186423379204933
1 0.5075991759473212 0.7959879014760094 0.27719186602062323 0.33049952020139856
1 0.44504109772573414 0.722237019750248 0.20284029143095714 0.2748929677246085
1 0.5289945453149799 0.32466914981609185 0.08807509967697828 0.15935642651596693
1 0.6758664613934096 0.07766634261094821 0.09484974488825368 0.09112710239827138
1 0.6404974079229994 0.012955829007901985 0.10599481584599862 0.02591165801580397
1 0.8051057258370601 0.16390085516708022 0.062412397363371494 0.08458245160757186
1 0.8656940285511657 0.002102695506852924 0.04911115264318534 0.004205391013705848