0 0.5396458333333333 0.49561111111111106 0.04859375000000003 0.052333333333333266
0 0.26205208333333335 0.7596527777777778 0.04919791666666669 0.06397222222222215
0 0.5016354166666667 0.8550694444444444 0.03335416666666665 0.0371388888888889
0 0.7045 0.8668194444444445 0.03266666666666656 0.03745833333333337
0 0.9538645833333333 0.9725833333333334 0.0381249999999999 0.033611111111111175
1 0.42697916666666663 0.5667638888888888 0.12893749999999998 0.039472222222222166
1 0.29896875 0.6881527777777778 0.12998958333333333 0.059930555555555605
1 0.28446875 0.8185277777777779 0.07665625000000004 0.0520416666666667
1 0.4198541666666667 0.8887361111111111 0.08168749999999995 0.04655555555555553
1 0.506375 0.9213888888888888 0.03761458333333335 0.026194444444444305
1 0.5872395833333334 0.906513888888889 0.06735416666666676 0.033486111111110974