1 0.13140663540637765 0.24267968792733258 0.2628132708127553 0.12980382029910958
1 0.17065808201710259 0.14432897041941628 0.13551360027970857 0.18235532667757856
1 0.040443208574982084 0.026714111665682543 0.05244691618336916 0.049279156221041266
1 0.4706030751017945 0.16417980495402185 0.086286157401702 0.1169281371786611
1 0.6504052838104383 0.4614074117202421 0.060985966806520985 0.09033488408200488
1 0.6847982846433716 0.2992414342752072 0.07395956348717286 0.10022411758170952
1 0.7785572850598382 0.22768833407171474 0.10421574855010741 0.1412248929560452
1 0.8124866940450943 0.5074582166747128 0.044823977871014144 0.06074188944346035
0 0.29664289653770154 0.2809992985760016 0.029372383956485136 0.043648894804915905
0 0.2834977390023379 0.13389685801400597 0.03025618506293443 0.0410007753743357
0 0.35486090608547116 0.0595561033457647 0.03819485449572433 0.03509359770747222
0 0.16460602904429417 0.09392131891268095 0.03361798340326049 0.045556417082595224
0 0.20786750691530814 0.043357609724233734 0.030098319502717057 0.03822299759655794
0 0.4317031355400394 0.3964198421143469 0.0358591822968112 0.048593511554768216
0 0.5088414757886809 0.4235053292652794 0.03145571728981847 0.04390821149931112
0 0.5754052838104383 0.4520720107220135 0.03298652116239111 0.034445305971484194
0 0.749962768180294 0.5185583741900532 0.04226704785702869 0.05214923941573173
0 0.5695284821538606 0.2785993577362715 0.03697978174358667 0.050112058790854834
0 0.6713056998601457 0.16748160066458812 0.029135585616159195 0.0394822281382492
0 0.7818628463310164 0.29873483139098694 0.03922098063713738 0.05314915326302775
0 0.8807177059425206 0.37747840081217465 0.023532588382282428 0.031889491957816554