0 0.00048828125 0.032552083333333336 0.0009765625 0.033854166666666664
0 0.14453125 0.19661458333333334 0.0244140625 0.032552083333333336
0 0.140625 0.2747395833333333 0.021484375 0.033854166666666664
0 0.2421875 0.2799479166666667 0.025390625 0.03125
0 0.2412109375 0.4036458333333333 0.033203125 0.040364583333333336
0 0.3271484375 0.1953125 0.0244140625 0.032552083333333336
0 0.47265625 0.24479166666666666 0.0224609375 0.029947916666666668
0 0.5361328125 0.2955729166666667 0.0224609375 0.028645833333333332
0 0.5947265625 0.33984375 0.0234375 0.03515625
0 0.5 0.4505208333333333 0.033203125 0.044270833333333336
0 0.5078125 0.6184895833333334 0.0234375 0.033854166666666664
0 0.646484375 0.6354166666666666 0.03515625 0.0390625
0 0.748046875 0.6744791666666666 0.021484375 0.03125
0 0.775390625 0.82421875 0.04296875 0.052083333333333336
0 0.7392578125 0.4609375 0.03515625 0.053385416666666664
1 0.18896484375 0.07942708333333333 0.2392578125 0.15885416666666666
1 0.025390625 0.11848958333333333 0.05078125 0.13020833333333334
1 0.171875 0.16666666666666666 0.166015625 0.140625
1 0.08447265625 0.3053385416666667 0.1689453125 0.17057291666666666
1 0.37890625 0.43359375 0.0263671875 0.11588541666666667
1 0.5859375 0.5481770833333334 0.083984375 0.04296875
1 0.6044921875 0.6770833333333334 0.0712890625 0.14453125
1 0.6484375 0.4049479166666667 0.05859375 0.032552083333333336