0 0.861323963609076 0.6685680965070976 0.043558806451418755 0.05935300055457146
0 0.8712483632503297 0.5774475394725352 0.04251713978475233 0.059223342207373735
0 0.7561327855000708 0.5772562826781377 0.04251713978475209 0.059223342207373735
0 0.769511824926077 0.43177457145611225 0.05777970278440705 0.08048300351258493
0 0.6487155197160093 0.6832776729534552 0.03924659057054072 0.05466770049911437
0 0.4840751309647142 0.6311711710120064 0.04256565618948957 0.060612231096262625
0 0.41919216018973304 0.5735619121840305 0.03830195671334842 0.057315819929694416
0 0.3575668915101872 0.5266099602519742 0.038156407499136694 0.05314915326302775
0 0.47935060284144865 0.3952919003519766 0.051384153570195205 0.07553838676273254
0 0.49425790901667777 0.20606018912995117 0.038156407499136694 0.05314915326302775
0 0.33805786145659894 0.19438859955679166 0.052328787427387384 0.07289026733215241
0 0.23035667742003366 0.160086059345875 0.03602455776106612 0.05150094767974364
1 0.7759172719908176 0.7234500379009503 0.19630429142462494 0.2456903830649913
1 0.8228179662283703 0.6871895150686995 0.19831628618603622 0.2735978191899667
1 0.9114866680476159 0.5537705222790257 0.1410274915897375 0.3259295156219246
1 0.621512408603896 0.4080194331678595 0.09501717066390399 0.16670617341455088
1 0.30564482658020986 0.45425035681318254 0.0686815334984459 0.09566847587344998
1 0.39691913110130606 0.29077576539160116 0.08825631237897914 0.12161343723411827
1 0.38904103667012 0.1451742725093492 0.10901830714039042 0.1518547236086508
1 0.184103774470514 0.32625384599769325 0.04905823821317572 0.06833462562389288
1 0.029997830507648204 0.22968422314665754 0.05999566101529641 0.09402027029016588