1 0.2905 0.620638888888889 0.13209374999999998 0.05105555555555554
1 0.15784375 0.7608750000000001 0.14151041666666664 0.06669444444444442
1 0.14578125 0.8974027777777778 0.07511458333333335 0.060805555555555516
1 0.28770833333333334 0.9599722222222221 0.08214583333333335 0.05634722222222213
1 0.3828125 0.9840277777777777 0.042708333333333334 0.03194444444444444
1 0.46480208333333334 0.9697361111111111 0.07076041666666662 0.04487499999999992
1 0.990625 0.7743055555555556 0.01875 0.09583333333333334
1 0.9630208333333333 0.9902777777777778 0.07395833333333333 0.019444444444444445
0 0.40391666666666665 0.5440694444444445 0.04407291666666661 0.05290277777777782
0 0.12070833333333333 0.8405555555555556 0.05033333333333333 0.05699999999999995
0 0.37409375 0.9219583333333332 0.028802083333333308 0.04229166666666673
0 0.5889062500000001 0.92175 0.03368749999999991 0.03624999999999987
0 0.9288645833333333 0.839513888888889 0.02893749999999997 0.035194444444444334
0 0.8567708333333334 0.9986111111111111 0.030208333333333334 0.002777777777777778
0 0.9653854166666667 0.9386111111111111 0.025906249999999888 0.04461111111111096