0 0.2710774597728302 0.6190388526648692 0.047700898555035565 0.06324515813560683
0 0.5013971755391279 0.31890441257077273 0.0487850098858317 0.06468254809323418
0 0.26716895946808983 0.2690542821469742 0.03139678392896196 0.040295419882306525
0 0.07596123153405372 0.29631394821330204 0.030355117262295325 0.04024691881356798
0 0.15093114722453088 0.13011907537433964 0.04653189789598002 0.059029990400201626
1 0.3676075852733186 0.5324317266291155 0.121956344537276 0.07641095623826526
1 0.475646441344065 0.3935075829686001 0.09757001977166352 0.12936509618646852
1 0.47369484978493226 0.26962971597942703 0.0628784571861831 0.08336861754239082
1 0.3399238000510331 0.22654327202223074 0.07895089855503544 0.064700190197763
1 0.25597324669232907 0.2087257965655202 0.03143922859309155 0.04168430877119541
1 0.26134604149570595 0.1011839098141084 0.0477008985550355 0.06324515813560683
1 0.1831007970852836 0.23801811171144993 0.06502722991120251 0.05156967630416192