0 0.03726624378266978 0.8864355623765954 0.032887743102595034 0.044823977871014144
0 0.1157416587532089 0.8432308614058722 0.03398400120601487 0.04631811046671462
0 0.18692540705708136 0.8007628663828298 0.03053145258549582 0.03766904601294654
0 0.18355402608345436 0.9657249130401728 0.04363638775813718 0.027926103090385682
0 0.36939485564731467 0.6986331710334608 0.04385032413679338 0.05976530382801855
0 0.41013939243347447 0.9158563171821331 0.04379573270004021 0.05837641493912997
0 0.5087819700754177 0.8215042957866517 0.032887743102595124 0.044823977871014144
0 0.6295717853928892 0.8763940276405909 0.04823535655047285 0.06574183421082075
0 0.7931016029709618 0.46422719905112475 0.044891990803460166 0.05987054753483013
1 0.26359487524640945 0.7771078535633623 0.06687174430860991 0.09114208833772813
1 0.30657544625527083 0.9242447326765516 0.0834292281017703 0.09004820986893568
1 0.40224721996252294 0.931870800907592 0.08102277551627436 0.055220743939901874
1 0.4299229198716659 0.7028930808516503 0.03968365747012671 0.05934432900077237
1 0.6120035843520923 0.5710601399513874 0.06467922810177006 0.0881538231463275