0 0.9574674476108759 0.6381305451448995 0.06643220700265573 0.09225596824806562
0 0.7926249186673927 0.7172339365787673 0.05589430271832849 0.08548529236576125
0 0.6343504512620648 0.3555650026172856 0.05249651807859242 0.07262075626773658
0 0.5419149025684675 0.3788795735253511 0.04719725653201389 0.06784652943769534
0 0.5531955744691687 0.8718743730645693 0.06998153866446728 0.11206494879053473
0 0.5781203029821361 0.14769095934580395 0.05359880355408938 0.07552004607818917
0 0.44773412100796706 0.20258480879617397 0.060030659980580006 0.0845824516075719
1 0.8611832937887672 0.2537512925327787 0.22961992926847566 0.5075025850655575
1 0.659149619555915 0.7502093438886024 0.13968716134395626 0.35432091703860036
1 0.6914921365792772 0.27022735054893177 0.21653916635852113 0.3051009861558842
1 0.4834404798974023 0.5945643848355157 0.2390506638512387 0.33681940550872363