1 0.5070971079455849 0.9536492612799753 0.14762880367401163 0.09270147744004949
1 0.27421271762880906 0.8683962306760112 0.15206131592743227 0.19326110945597622
1 0.4724141019444306 0.7922509840981036 0.21756739631793007 0.27472613399378426
1 0.8669647840483928 0.9715755426867373 0.1133101181350625 0.05684891462652533
0 0.23286506566624715 0.9487538911854607 0.049774742155796164 0.052846295744584874
0 0.08567105096214239 0.8566876049994244 0.04149457793981366 0.0661529877766267
0 0.27255331542520794 0.7618722617392896 0.0588181460768908 0.07552133774435421
0 0.48996434973478575 0.9688662828757664 0.0448948595576681 0.0566895197130031
0 0.5360526708146984 0.9026239211439796 0.044675892400864586 0.05391174193522533
0 0.6455261456901497 0.9875477134437065 0.04374370931259979 0.024904573112586884
0 0.7153851355208177 0.9027039273922581 0.05421354509661711 0.06970702803020035