0 0.7232291666666666 0.4655972222222223 0.03759374999999991 0.05052777777777777
0 0.45248958333333333 0.6954583333333334 0.041218750000000054 0.04918055555555559
0 0.6740520833333333 0.8088888888888889 0.025020833333333315 0.031416666666666516
0 0.8653229166666667 0.8354583333333333 0.023479166666666627 0.03176388888888874
0 0.7671875 0.9791666666666666 0.042708333333333334 0.041666666666666664
1 0.6160729166666666 0.5236388888888889 0.11760416666666676 0.032874999999999946
1 0.4892500000000001 0.6297083333333333 0.12396875000000004 0.04087499999999993
1 0.4721458333333333 0.7514305555555555 0.06996874999999995 0.039694444444444345
1 0.5964270833333334 0.8304861111111111 0.07170833333333325 0.03940277777777763
1 0.6759791666666667 0.8709722222222223 0.030208333333333334 0.02712499999999996
1 0.6546770833333333 0.9760416666666667 0.05094791666666675 0.03312499999999988
1 0.7513854166666667 0.8624305555555556 0.059583333333333384 0.031152777777777866