0 0.29551212164294005 0.3791431182480522 0.045834204280509286 0.06285213126273718
0 0.5258460350160885 0.6689763400186954 0.04895920428050928 0.06307049700974987
0 0.29119308776421343 0.7291765596269835 0.02984552836870371 0.0409269691943406
0 0.10002257389650507 0.7112468701947563 0.02984552836870371 0.0409269691943406
0 0.17433463797919035 0.875705296749078 0.04987964564324076 0.05619884114764299
1 0.39133463886664377 0.4614446404353922 0.0874047616512037 0.11985755264056858
1 0.49953680173358833 0.5957232659947967 0.1284168116766203 0.08526909593407087
1 0.4980487788103014 0.7195891371440893 0.0607569684648612 0.08331561585990749
1 0.36436476304273197 0.7685621975989676 0.06182288019231497 0.08477729333113378
1 0.28026858124178294 0.790430294990532 0.03500537158046294 0.038513134328250466
1 0.28476386264983855 0.8985816568680213 0.05603266540009256 0.0510800170861128
1 0.20732723404074124 0.764239101462992 0.050122096251111144 0.07008773003653156