1 0.13645833333333332 0.7743055555555556 0.27291666666666664 0.09583333333333334
1 0.17784375000000002 0.8774861111111111 0.18880208333333334 0.08294444444444449
1 0.0421875 0.9902777777777778 0.084375 0.019444444444444445
1 0.47644791666666675 0.894986111111111 0.07596875000000007 0.11231944444444461
1 0.671875 0.6224444444444445 0.056874999999999905 0.0828472222222222
1 0.6969270833333333 0.7874305555555556 0.07316666666666667 0.0860000000000001
1 0.7858333333333334 0.8702500000000001 0.13361458333333331 0.078013888888889
1 0.8354895833333332 0.5962916666666667 0.04389583333333344 0.05308333333333337
0 0.31057291666666675 0.7578194444444445 0.027406249999999945 0.04086111111111121
0 0.28891666666666654 0.901888888888889 0.028468750000000043 0.03597222222222235
0 0.35572916666666665 0.9847222222222223 0.036458333333333336 0.030555555555555555
0 0.16849999999999998 0.9268333333333334 0.03273958333333334 0.04079166666666652
0 0.209375 0.9840277777777777 0.03125 0.03194444444444444
0 0.4508333333333333 0.6595 0.033208333333333326 0.044263888888888894
0 0.52915625 0.6422916666666667 0.03347916666666671 0.03520833333333336
0 0.5966874999999999 0.6222777777777778 0.031187500000000055 0.031805555555555524
0 0.7738541666666667 0.5777083333333333 0.03896875000000009 0.04690277777777775
0 0.5813749999999999 0.7939027777777778 0.036479166666666646 0.04259722222222232
0 0.6759895833333334 0.9165416666666666 0.027083333333333334 0.03711111111111115
0 0.7934791666666666 0.799736111111111 0.0359375 0.04862499999999999
0 0.89609375 0.7341527777777779 0.021406249999999953 0.03013888888888895