1 0.2690763510303296 0.41534134553480234 0.13521217953068795 0.06785549898298641
1 0.14423606182130658 0.2585321284893282 0.10205348243666545 0.1395766873727611
1 0.13999230760529083 0.12092994638544445 0.06499476791297028 0.08807573969301746
1 0.28465064965346054 0.07669309687516629 0.06611536735974563 0.08959428692910397
1 0.38190477302875014 0.06362166481734724 0.04452378727583302 0.03726043667954683
1 0.4627284130007793 0.09046651173902699 0.05579317399844139 0.07176069513765873
1 0.9709881235089514 0.34885119781704016 0.03576470899144866 0.06513051987423732
1 0.9613554746884241 0.13994320169948896 0.046039050623151924 0.04572342836007779
0 0.3782372484009644 0.5065574387126762 0.046749445644129986 0.05822342836007787
0 0.11175606362083483 0.17476259049714601 0.04930637565811538 0.06681607838780634
0 0.3695380976472471 0.12432512442172303 0.03153465006992716 0.04529710038820001
0 0.5846027979238594 0.15179401756247582 0.03249738395648526 0.044037869846508766
0 0.9195290972307805 0.2760070831933441 0.02921451839626788 0.04087111702713805
0 0.8566919005532246 0.10803287945893061 0.030366198893550706 0.0065378698465087285
0 0.962151957675218 0.18130439896330405 0.031376784509709904 0.04251932261042223