0 0.9283118862521642 0.39248019278324225 0.033352663142549144 0.04117791817418522
0 0.9226489466825107 0.46848423789861143 0.03129689728779761 0.03973935624896896
0 0.8211671132732232 0.4316100326938866 0.03247874149730068 0.04241176221157724
0 0.8076608531603737 0.549798075905929 0.04414469669006538 0.054881144466933186
0 0.7470129531193339 0.31636091653247544 0.03247874149730068 0.04241176221157709
0 0.5969053276598306 0.30328201793879467 0.03129689728779761 0.03973935624896896
0 0.5277717231096151 0.3256442993350681 0.029138490578294096 0.03699871099041937
0 0.46408693014039293 0.34320768317365696 0.034534507352052435 0.04385032413679335
0 0.545433322026194 0.48809487081477543 0.04532654089956889 0.05755355042954132
0 0.5174794829832694 0.6447681483665382 0.03247874149730068 0.04241176221157724
0 0.37775775079185436 0.6032794856200964 0.04208893083531384 0.05344258254171693
0 0.27249428250135765 0.5985138083250853 0.029343772287797387 0.03960287765708603
0 0.2275048688955279 0.7300408351230888 0.05503937109233348 0.06988645409301449
0 0.3062869966601023 0.3988690124180998 0.05072255767332701 0.0644051635759153
1 0.890169680146059 0.28146744968064724 0.21966063970788197 0.2674120938859635
1 0.9047761685369909 0.35263570923513826 0.18454377366252994 0.23432516960598967
1 0.9339587490772161 0.5193936614248259 0.1320825018455678 0.23377925523845797
1 0.6675520061938509 0.5218789292155749 0.07662343818736606 0.09729290667851043
1 0.44846326308639994 0.5454169893888928 0.07878184489686957 0.10003355193706003
1 0.41478351044142314 0.6602530020341352 0.11069163855345798 0.1721885129274794
1 0.4031235942019486 0.38297472297485396 0.06768483754481713 0.057820970902861646