1 0.16710416666666675 0.7876805555555555 0.058427083333333366 0.07800000000000011
1 0.18802083333333333 0.9631944444444445 0.07604166666666666 0.07361111111111111
1 0.53853125 0.7152361111111112 0.07556249999999996 0.05349999999999998
1 0.34146874999999993 0.7810555555555556 0.03909374999999997 0.04624999999999994
0 0.011979166666666667 0.8 0.023958333333333335 0.03611111111111111
0 0.0860104166666666 0.7851805555555557 0.02703124999999999 0.03309722222222212
0 0.2782083333333333 0.7558055555555555 0.036374999999999984 0.05043055555555548
0 0.057906250000000034 0.9663333333333333 0.037416666666666674 0.04569444444444457
0 0.290625 0.9819444444444444 0.035416666666666666 0.03611111111111111
0 0.4021666666666666 0.9306111111111111 0.026093749999999954 0.039472222222222325
0 0.7292812499999999 0.6798888888888889 0.03345833333333322 0.048986111111111084
0 0.9332708333333334 0.654 0.037843749999999926 0.04794444444444442