0 0.08727308827690765 0.05380590240374203 0.034581048139137996 0.05257937057363754
0 0.32566627907860723 0.004058416875838712 0.03353332123308495 0.008116833751677424
0 0.4373488412692378 0.020801734170030253 0.03561059432703194 0.041603468340060505
0 0.4405802427123981 0.15996565845563832 0.036670441711857765 0.05429293512018797
0 0.5624646803253758 0.26258107917463164 0.03770604813913821 0.053066384060129854
0 0.63552073249793 0.2831618756009224 0.035616654566418285 0.05135281951357942
0 0.7002586019356168 0.30851359688008145 0.036652260993698366 0.050126268453521305
0 0.702120389277448 0.13796886341911566 0.046087863387562794 0.06547619780188714
0 0.8100173853749596 0.022605456129892943 0.03352120075431202 0.045210912259785886
0 0.9106234093136009 0.14439018654185104 0.044004530054229225 0.0651515221442256
0 0.9908616965899681 0.21722567147413324 0.01827660682006377 0.0516955298588957
0 0.8651964592730553 0.3641142199248202 0.04505225696028248 0.06670274886194517
1 0.3259056585343705 0.06822689149826003 0.13931131706874092 0.13645378299652006
1 0.2689776062308885 0.13854616251861124 0.19906811215008488 0.2770923250372225
1 0.6130605721432432 0.05071694613911328 0.09428330106600431 0.10143389227822656
1 0.7716915517143067 0.31544901116072943 0.06495906817529071 0.09617605649861874
1 0.8199378069197368 0.14462468876123893 0.07648406414187482 0.11323955039353492
1 0.9118859274639735 0.08000985241437077 0.11524389942645238 0.16001970482874153
1 0.9234964612897633 0.34738441262140834 0.04507043767844152 0.07086941552861184