0 0.7511743178455302 0.13303144043336854 0.031439228593091666 0.04168430877119541
0 0.7125114973637782 0.049865648218196286 0.03331033860577695 0.034836866464228025
0 0.5231961017744922 0.08347231642200119 0.031439228593091666 0.041684308771195396
0 0.4819096646895003 0.03495599482594333 0.029930670620999442 0.026358029924679074
0 0.41046442851727105 0.11994936873364423 0.03573322925214697 0.046044979712816236
0 0.34812093741451966 0.06071655300622412 0.024679892623536405 0.02472663569209751
0 0.39784418410684874 0.2598391379615137 0.03143922859309155 0.04168430877119541
0 0.272488721648222 0.3680534018079936 0.029355895259758215 0.041587306633718256
0 0.20022199470276902 0.3945921897105148 0.0325233399238878 0.04312169872882284
0 0.13624615642651985 0.42290787505183325 0.0325233399238878 0.04312169872882284
0 0.14136073845413594 0.2555467639407221 0.04011211923946168 0.05318342843221484
0 0.042811809607337145 0.1522067986276035 0.027102783269906523 0.0359347489406857
1 0.6720562760202966 0.04241855098183772 0.10172078129274004 0.026926825889860458
1 0.5160874835236138 0.12834444943282813 0.1398503616727177 0.18542330453393813
1 0.5691001916859864 0.21982814549922883 0.19730826220491954 0.26160497228819174
1 0.23331920058323494 0.14786379922794232 0.09327601911260809 0.12500442524484764
1 0.03360481586836392 0.27324956571799586 0.06720963173672784 0.10483246476932509
1 0.06505204344808495 0.43141535793316815 0.059626123193794366 0.07905644766950862