1 0.3643936434905777 0.6666955833510328 0.11051042352656767 0.13488480712921133
1 0.26801903208986 0.839928366185739 0.12328255980072195 0.15172924683498903
1 0.28557557056761546 0.9634182684065473 0.07608854509661711 0.06776562727208038
1 0.43390201431736364 0.9729370162317201 0.07526899093045418 0.04417067734634277
1 0.53055647448871 0.9818668538440037 0.04029340392109463 0.02282018608105021
1 0.6083280118666795 0.9563249676073579 0.06600032916515583 0.07177068208500954
0 0.45670320844378004 0.5609693622958015 0.05410406151821547 0.06603735349034297
0 0.24991649752917003 0.9278162346347086 0.059859812743557464 0.07306260386165617
0 0.5115922253474567 0.9397481605134986 0.03913910833232611 0.047771702524928766
0 0.7176842906672545 0.8816224899568943 0.03913910833232611 0.047771702524929086
0 0.9906270572822232 0.8794715927223106 0.01874588543555357 0.01694140681801994