0 0.5019790868961699 0.8309655137051165 0.06517401384016447 0.09041006412431203
0 0.676664296706181 0.9011925542417872 0.04561756522170223 0.06314815599812959
0 0.483533242713209 0.5495876526034296 0.04444856456264669 0.058932988262724466
0 0.8569203454762845 0.5849050456353336 0.05633134453727611 0.07335538890773736
0 0.6775635408118632 0.41226398533642417 0.05750034519633142 0.0775705566431425
0 0.8125371738914893 0.26728821232084865 0.036902229911202275 0.050260147448221444
0 0.823323435766881 0.028694813964100507 0.06075267918872006 0.057389627928201015
1 0.7367228191140663 0.7569310803976088 0.10192945982240502 0.10182982375238352
1 0.6073775118134234 0.5986043849315469 0.10515879908723728 0.13942682588986044
1 0.6140201017497049 0.38124327382043577 0.08723115285128955 0.26757497011301784
1 0.8796079742720501 0.47220222030811504 0.06007356456264669 0.05966050429380264