1 0.5722916666666668 0.194875 0.25529166666666664 0.34291666666666665
1 0.8063749999999998 0.66125 0.1443020833333333 0.3367777777777778
1 0.6341874999999999 0.6695833333333334 0.14576041666666673 0.23123611111111111
1 0.7030833333333334 0.32030555555555557 0.15394791666666663 0.2506666666666667
1 0.9261770833333335 0.15422222222222226 0.10472916666666662 0.16718055555555558
0 0.03229166666666667 0.9888888888888889 0.06458333333333334 0.022222222222222223
0 0.4960833333333333 0.8421805555555556 0.06955208333333332 0.07643055555555552
0 0.42971875 0.46211111111111114 0.061812500000000034 0.07183333333333337
0 0.5466874999999999 0.5928333333333333 0.05408333333333335 0.06106944444444448
0 0.7292812499999999 0.3914861111111111 0.04844791666666666 0.06393055555555552
0 0.7965520833333334 0.45734722222222224 0.04964583333333342 0.06230555555555557
0 0.7388125 0.04631944444444445 0.050833333333333286 0.06247222222222223
0 0.8056250000000001 0.27325 0.055302083333333245 0.07190277777777775
0 0.8943229166666666 0.373625 0.04936458333333344 0.08376388888888885
0 0.7060729166666666 0.8280972222222223 0.05202083333333339 0.09826388888888889