1 0.3555927039579641 0.8159908255605943 0.3023666505186415 0.3680183488788114
1 0.185295548978735 0.31940825471053713 0.18868190820006123 0.3642509658718435
1 0.3569167431037659 0.3446016954275958 0.18813604875919718 0.24537277638891283
1 0.24292224043308736 0.6777608394034866 0.20163852302876506 0.26162127695785703
1 0.033915789380833845 0.7995880350150681 0.06783157876166769 0.17417607003013635
0 0.9778716664781174 0.14364374378360326 0.03733048118129621 0.031917047908304776
0 0.515561253848457 0.20057347301714112 0.08055917549487646 0.09054655896922056
0 0.5318926617024082 0.5899203267654736 0.06796804147037025 0.08818694728916528
0 0.43299169990546355 0.4377573959086981 0.06270776650962956 0.0711967063587764
0 0.22644374407750084 0.6017969657463553 0.056640034558641854 0.07348912274097093
0 0.16820744703074147 0.5239862383408913 0.057772835249814726 0.07495890519579057
0 0.17164197335780998 0.9423448207580644 0.057772835249814726 0.07495890519579057
0 0.13543555648709976 0.7043128114667252 0.06456963939685174 0.08377759992470715
0 0.06090987810200701 0.5875459998745117 0.06570244008802457 0.08524738237952648
0 0.30634892569891997 0.1738567528154722 0.07363204492623439 0.09553585956326237