0 0.18645833333333334 0.8599810303992276 0.05416666666666667 0.0700908614358544
0 0.3609375 0.6855296978895044 0.057291666666666664 0.08441768463835031
0 0.496875 0.6824517774698227 0.07395833333333333 0.10897555653314316
0 0.35052083333333334 0.46129503449041653 0.051041666666666666 0.08215292712224753
0 0.44635416666666666 0.4645317155398023 0.06041666666666667 0.08763339672973511
0 0.540625 0.01956985589171483 0.09375 0.03913971178342966
0 0.28125 0.047540389628794824 0.07604166666666666 0.09508077925758965
1 0.1515625 0.5169546302345057 0.303125 0.5438685173087664
1 0.28125 0.5168359117753714 0.25 0.3683680784218922
1 0.4005208333333333 0.11673356618190207 0.228125 0.23346713236380415
1 0.5479166666666667 0.28085440590313077 0.28020833333333334 0.41426811012009307