0 0.10010416666666658 0.9598194444444446 0.029781250000000002 0.0323333333333333
0 0.18045833333333333 0.8079305555555556 0.028145833333333314 0.029500000000000012
0 0.20482291666666677 0.9040694444444444 0.02539583333333333 0.03525000000000015
0 0.39563541666666663 0.9197222222222223 0.02557291666666662 0.033111111111110994
0 0.427875 0.9857083333333334 0.02669791666666666 0.02780555555555553
0 0.5115312499999999 0.9151388888888888 0.029020833333333346 0.03624999999999987
0 0.5635416666666667 0.9958333333333333 0.035416666666666666 0.008333333333333333
0 0.5450833333333333 0.7821111111111111 0.022218749999999923 0.03693055555555544
0 0.68359375 0.7109166666666666 0.023385416666666714 0.032569444444444505
0 0.7586666666666666 0.7050000000000001 0.02703125000000005 0.0313055555555555
0 0.8255416666666666 0.6951388888888889 0.02747916666666678 0.03093055555555553
0 0.7949062499999999 0.8569444444444444 0.03219791666666675 0.043055555555555555
0 0.8755208333333333 0.9854166666666667 0.021875 0.029166666666666667
1 0.2369479166666667 0.9795 0.1490416666666667 0.038263888888888827
1 0.4092916666666667 0.8780833333333333 0.18884374999999995 0.04308333333333331
1 0.37163541666666666 0.7735138888888888 0.27321874999999995 0.052180555555555466
1 0.6889062499999999 0.9373333333333334 0.06041666666666667 0.11758333333333344
1 0.9091874999999999 0.8709166666666666 0.07068749999999989 0.07451388888888902
1 0.9630208333333333 0.9513888888888888 0.07395833333333333 0.07222222222222222
1 0.8960833333333333 0.7062777777777778 0.047135416666666666 0.06201388888888894