1 0.6020833333333333 0.027777777777777776 0.22708333333333333 0.05555555555555555
1 0.39736458333333335 0.14833333333333326 0.18907291666666665 0.04469444444444445
1 0.5825208333333334 0.23747222222222225 0.2711874999999999 0.08869444444444446
1 0.9435104166666667 0.06400000000000006 0.08692708333333338 0.1260277777777778
0 0.21729166666666666 0.14536111111111108 0.037270833333333364 0.048
0 0.35420833333333335 0.06929166666666665 0.033312500000000016 0.04400000000000001
0 0.4019479166666667 0.2556666666666667 0.048937500000000016 0.06026388888888887
0 0.5972708333333333 0.07226388888888885 0.03333333333333333 0.04069444444444445
0 0.6365833333333334 0.14254166666666665 0.03209374999999994 0.03773611111111113
0 0.7326875 0.05391666666666674 0.026395833333333247 0.045652777777777785
0 0.8062291666666667 0.16140277777777784 0.038052083333333306 0.06619444444444442