1 0.44778563220005313 0.7720550902068534 0.2759133498746624 0.37258217799806853
1 0.2092452471728118 0.31047572491141967 0.21476606506656928 0.2879504618316098
1 0.38164108050614515 0.29842921453455395 0.17229744168655425 0.23233392934266736
1 0.3155966652857175 0.649721691543204 0.1853311221386638 0.24848517010849586
1 0.09394716928295482 0.8211451580483471 0.11430085111601365 0.17840334589643936
0 0.5185517034733784 0.12248495653208641 0.07464043507002269 0.08418907884795811
0 0.5881679729784877 0.5011932619747472 0.0661615525224775 0.07944010352259107
0 0.4698716986475716 0.3730161063384298 0.057440087951246235 0.06774668375277947
0 0.2891154789060477 0.5791736067147457 0.052328787427387384 0.07016051861886928
0 0.22108891687155446 0.5150092874020118 0.05436360435598354 0.06891720689465551
0 0.2823975472808828 0.9249282456412661 0.053418970498791414 0.07162219609009589
0 0.2134305822968699 0.6993252665969021 0.059911552522477506 0.0790033720285657
0 0.12383009373920842 0.6004692135286395 0.06000858533195202 0.08178114980634348
0 0.3082805860209235 0.14135491683093962 0.0675913504270421 0.09062400321603967