0 0.1221154219464806 0.007323224165070167 0.04326915610703879 0.014646448330140335
0 0.4001752052732571 0.09191912665389468 0.037893241256332644 0.052741708402468314
0 0.5382395972727808 0.01726186263914914 0.034549719969009136 0.03452372527829828
0 0.5602133928911119 0.19233396292986077 0.051267326405626555 0.07135642901510417
0 0.764386955357291 0.01302753704884676 0.03343521287323483 0.02605507409769352
0 0.7954586661624636 0.07026502273273463 0.031206198681685747 0.043434348096150384
0 0.8952253826676194 0.002615369439116952 0.03670589373145035 0.005230738878233904
0 0.9508564816723268 0.08186312169039983 0.046809298022528624 0.06515152214422558
1 0.7765772622075208 0.01308616580868601 0.22726519175397897 0.02617233161737202
1 0.5680984906680957 0.09292925184711921 0.1359698656844877 0.18585850369423842
1 0.73696894429346 0.17098653202863026 0.20514214605161385 0.28681460494930566