0 0.4895768058564279 0.8693596574617598 0.0637136330296754 0.08801838922635802
0 0.3133979112395617 0.9381373391578707 0.045277783665263985 0.05969105673740734
0 0.5134243302402084 0.5876905710043524 0.04312169872882284 0.05684862546419759
0 0.13854668922326666 0.6204650595233026 0.05494379007769522 0.07109310857796314
0 0.3208879411918106 0.44918437740500033 0.05609458414902354 0.07529210199234562
0 0.18853177609997906 0.30352535739540143 0.035611777252832745 0.04828900489685187
0 0.1819659439194994 0.052830912950956994 0.05932871155368531 0.07955574890216055
1 0.25600537034617626 0.7934169560949386 0.0873578157274201 0.1165073554538891
1 0.38824411069925674 0.63654064893463 0.10245041028250815 0.13640437436635816
1 0.38515546442273746 0.41926035469280903 0.08291669316035452 0.26485985258327166
1 0.1178919159640671 0.5074155048121297 0.050704371807920715 0.0681860238093211