0 0.17645483779731297 0.06456480343053049 0.03819027894826051 0.05038117933971195
0 0.14498099305883538 0.15183119881891124 0.03819027894826051 0.05038117933971194
0 0.24805329800190565 0.19451194442516817 0.03819027894826051 0.05038117933971194
0 0.1987600495941663 0.3349588044019203 0.053119319777931 0.06883942170586105
0 0.37212270167116746 0.1272745012716265 0.03587571658775986 0.04732777453124457
0 0.5064518228807205 0.23999396032547043 0.03737984130876105 0.053021143602144924
0 0.5502097751916171 0.32074109807357487 0.03587571658775986 0.04732777453124457
0 0.5933879508679747 0.38988940053914106 0.03286633110134337 0.04830322287409893
0 0.45062805852212556 0.4774563222514276 0.046638090750763674 0.06523476283601452
0 0.38843356745008484 0.661504614977394 0.03471843540750955 0.04580107212701089
0 0.5259415197609815 0.7298485363444658 0.047448528390263076 0.06259479857358138
0 0.6140281126620032 0.8040441552459716 0.03251948756059259 0.04413655620743226
1 0.04959648524687102 0.015776255684645833 0.057057029506257954 0.031552511369291665
1 0.2665006291849809 0.07072339667928351 0.17949874163003823 0.14144679335856702
1 0.2149392652293947 0.08666873456290368 0.18470480287454397 0.17333746912580736
1 0.08625771200118265 0.1518991130538907 0.1725154240023653 0.26565697207210387
1 0.32619931482356096 0.4128763807404287 0.09825328580769342 0.12838081547097524
1 0.6218110755072442 0.48159370527985057 0.06249318373351732 0.08244192982861955
1 0.4975739302896761 0.6127254141900015 0.07973678692368828 0.10395357700323618
1 0.46772607303005936 0.7609015772841966 0.09848451483486069 0.13115859324875284
1 0.6981010118672853 0.6541883381517297 0.04397668484951207 0.05801469136088049
1 0.8150726194397043 0.8083516129960618 0.06029423588660023 0.08077741390904092