0 0.9375229249681479 0.8290379654219456 0.06848407023127218 0.09256742644678707
0 0.7697119289730264 0.8678148810793731 0.06006589067472703 0.08239246114051563
0 0.6314222467112101 0.47159721351744077 0.05373104445151474 0.07233068160525688
0 0.5382415636006646 0.4720877058201981 0.04848634845109056 0.06788105051105965
0 0.5237944792064199 0.9549595114484152 0.07903406667727222 0.09008097710316967
0 0.5862961609113019 0.2518874976578254 0.054796952896242125 0.07516505226854077
0 0.4537503204699685 0.27522746031135 0.062173465786120846 0.08528342468930587
0 0.7274651413377877 0.08325183408327579 0.05357347289412099 0.05427512604970129
1 0.8489890004508784 0.39123379413362835 0.30202199909824307 0.45396852968228263
1 0.6354096543072082 0.8643038518116734 0.20547645247187749 0.27139229637665335
1 0.6927529458147558 0.4006589346494997 0.14927566581793741 0.402367448415302
1 0.46919000095478486 0.6724060562724481 0.24658628803308932 0.3382427352084335