1 0.30512671092148574 0.9518674033867565 0.2349857631647673 0.09626519322648713
1 0.5248128057654535 0.9089352032748069 0.1351341844493471 0.17985911754319028
1 0.3585400144774206 0.766442320215892 0.20495441742393414 0.27479536459057197
1 0.01597020457813786 0.8277325247498961 0.03194040915627572 0.14435393838868119
0 0.7003436141471953 0.9657537067166361 0.044697505927560145 0.05992877632028429
0 0.5540479389336742 0.985825308054791 0.04033677364194451 0.028349383890418127
0 0.5379235689302209 0.8026458560714004 0.058724336641599 0.07476391677956132
0 0.3170473861350068 0.9229588919030239 0.03919807416580336 0.05123150007526331
0 0.2901010630026608 0.8424121950841813 0.03706622442773278 0.049697034021698984
0 0.1815707919800106 0.9002655374635283 0.03706622442773278 0.049697034021699296
0 0.12753116046592286 0.7732727101859584 0.05341897049879136 0.07162219609009589