1 0.5046145833333333 0.27398611111111115 0.06194791666666664 0.18859722222222225
1 0.7644270833333333 0.613 0.10837499999999996 0.10197222222222216
1 0.7579791666666666 0.8188888888888889 0.06740625000000004 0.2464166666666667
1 0.8964895833333333 0.4602916666666667 0.08375000000000009 0.07729166666666663
1 0.9973958333333334 0.7194444444444444 0.005208333333333333 0.05
0 0.32457291666666666 0.11986111111111111 0.05076041666666668 0.06745833333333333
0 0.7076354166666667 0.07363888888888888 0.0328854166666666 0.04987499999999999
0 0.7786770833333333 0.21268055555555554 0.03060416666666678 0.049916666666666665
0 0.8460625 0.3236388888888889 0.03103124999999996 0.041930555555555554
0 0.6735520833333334 0.39745833333333336 0.052937499999999936 0.06390277777777777
0 0.6411041666666667 0.6601666666666667 0.034166666666666616 0.05194444444444441
0 0.9901041666666667 0.6125 0.019791666666666666 0.06111111111111111
0 0.8204999999999999 0.7845000000000001 0.042062500000000114 0.06000000000000006
0 0.94309375 0.9132638888888889 0.030593749999999885 0.042166666666666526