0 0.779296875 0.2591145833333333 0.0390625 0.061197916666666664
0 0.427734375 0.22786458333333334 0.044921875 0.05859375
0 0.572265625 0.5104166666666666 0.0283203125 0.028645833333333332
0 0.728515625 0.6979166666666666 0.0234375 0.037760416666666664
0 0.5732421875 0.7434895833333334 0.0390625 0.0546875
0 0.87548828125 0.98828125 0.0263671875 0.0234375
1 0.6572265625 0.21744791666666666 0.111328125 0.10677083333333333
1 0.494140625 0.19791666666666666 0.1240234375 0.1015625
1 0.4150390625 0.2916666666666667 0.0751953125 0.061197916666666664
1 0.4912109375 0.4622395833333333 0.0771484375 0.06901041666666667
1 0.5439453125 0.5677083333333334 0.033203125 0.032552083333333336
1 0.6142578125 0.625 0.0576171875 0.048177083333333336
1 0.474609375 0.640625 0.0556640625 0.04296875