0 0.2903527411498403 0.1905697987327372 0.058276981156588414 0.07399742198083888
0 0.6432407259824549 0.30587234282934733 0.060435387866091705 0.07673806723938847
0 0.46645637464498485 0.5149489729369968 0.033352663142549144 0.04117791817418522
0 0.2890151784106453 0.6294511947829032 0.034534507352052435 0.04385032413679335
0 0.43777520333964226 0.7363169813797775 0.05503937109233348 0.0698864540930142
0 0.10971170299218179 0.8435314403360618 0.02903584972354256 0.03569662765708633
1 0.4164319445045919 0.20067475124251888 0.13911754066792847 0.15086643110166462
1 0.5810296230423895 0.24972877138749716 0.13510570105345776 0.17389449532601584
1 0.6484240891474126 0.3716275511626807 0.0820194549611244 0.10414451982488426
1 0.552421746428462 0.5028272232570908 0.08741547173488273 0.11099613297125825
1 0.4877016986325667 0.5811790879866976 0.038851320771058906 0.04933161465389254
1 0.411063516646606 0.6069017050154394 0.06367299793034653 0.08084903512721286
1 0.5478775356020604 0.6792650516342031 0.06516571346382372 0.06282458634837045