0 0.8261425245758528 0.05058412255254988 0.028016657867802275 0.040424397995334704
0 0.8417053748500023 0.12617371453001838 0.026063532867802275 0.04022706604506299
0 0.742659966938083 0.16037551864811003 0.02985602629071238 0.03801756327893976
0 0.7616784010613042 0.2813900283295414 0.03921387167616164 0.051926390388495745
0 0.6464121380394755 0.10143874427358401 0.028016657867802275 0.040424397995334704
0 0.5110676429193525 0.19162118774287518 0.02790290129071238 0.03782023132866804
0 0.45615217412523545 0.2592914386092238 0.025836019713622704 0.03501873271172965
0 0.4053184059941215 0.31935623425412785 0.029969782867802275 0.04062172994560642
0 0.5143372332308098 0.4011975585936903 0.039270749964706475 0.05322847372182915
0 0.5314117183088302 0.5675286071756651 0.028016657867802275 0.040424397995334704
0 0.3980347955808121 0.6241625947319808 0.03720386838761658 0.050426975104890616
0 0.30385775277678795 0.6912221929370969 0.02594977629071238 0.03762289937839647
0 0.2993389220750868 0.8460026849844926 0.048571717061610564 0.06583521749805173
0 0.28088627759969587 0.47971289158899894 0.04259858548452078 0.06263905498056992
1 0.7664304719944279 0.030985933772378488 0.25942344398885586 0.061971867544756976
1 0.9257904259547993 0.00007818930075466819 0.07619022690959865 0.00015637860150933638
1 0.7947883995934997 0.06978118990874688 0.16328364459009492 0.13956237981749375
1 0.9011522991781759 0.1397850060218672 0.17775181562972375 0.24092888105670007
1 0.6307665079301902 0.3495454339355854 0.04435218083467629 0.12504038900543404
1 0.44455017393994417 0.5213757140249164 0.07027397362105359 0.09525095297590476
1 0.4453836294387072 0.6527284189005956 0.09379633541393362 0.16633335512042433
1 0.36220218883545363 0.3989126597397476 0.05058172035015551 0.06733463278165679