0 0.0745 0.07733333333333327 0.040604166666666656 0.044513888888888895
0 0.46197916666666666 0.002777777777777778 0.030208333333333334 0.005555555555555556
0 0.3735208333333333 0.1759166666666666 0.03294791666666666 0.04055555555555554
0 0.5004270833333334 0.09136111111111107 0.028489583333333356 0.03906944444444444
0 0.55159375 0.27015277777777774 0.04626041666666669 0.052277777777777756
0 0.7286770833333333 0.07623611111111109 0.02788541666666665 0.03624999999999999
0 0.7710312500000001 0.14229166666666673 0.028031250000000084 0.03120833333333333
0 0.8579479166666667 0.049902777777777706 0.030447916666666686 0.03843055555555556
0 0.93075 0.14827777777777776 0.038906249999999906 0.05231944444444447
1 0.7338541666666667 0.03125 0.21770833333333334 0.0625
1 0.5435 0.1697083333333334 0.17863541666666669 0.061666666666666654
1 0.7274999999999999 0.24340277777777777 0.26246875000000003 0.10484722222222223