0 0.1956636466305138 0.05714755645191661 0.028288626463433116 0.04012225544788165
0 0.1053773255283567 0.20990629835866398 0.039819682669403396 0.057857248408129655
0 0.3242996950969714 0.3102112899060375 0.030384080275539325 0.043094274369946894
0 0.30414441406711995 0.39169933236863935 0.032479534087645354 0.04606629329201218
0 0.41386753057794057 0.44152888606313984 0.03247953408764547 0.04606629329201218
0 0.5287356951624352 0.3869343712211762 0.03247953408764547 0.04606629329201218
0 0.3825596110498716 0.5713027180737876 0.04295680314817621 0.06092638790233877
0 0.6746444342342007 0.5026631449407083 0.031437867420978684 0.04596917271986851
0 0.7269061973755352 0.5860399560561906 0.0283431686179109 0.052622255447881607
0 0.77662742636376 0.6545906324079802 0.030384080275539325 0.043094274369947054
0 0.895673683585898 0.8365928315378466 0.04295680314817621 0.06092638790233877
0 0.649180478667242 0.7260752559397743 0.040867409575456294 0.05934325786916222
0 0.6109108282651677 0.8989678042314877 0.030384080275539325 0.043094274369946735
0 0.7538763745185254 0.9722521849041509 0.03981362243001693 0.055495630191698335
1 0.16920079332649152 0.15124731992610027 0.1330673773081274 0.19011209044003585
1 0.21194176346865395 0.3865763839561384 0.19382947761981945 0.27491175029104087
1 0.40978337165078665 0.1834043943135321 0.22626659003176003 0.3112558213608309
1 0.3665750685680743 0.29400578418897105 0.16862948972006794 0.22674752322625716
1 0.522851297883619 0.6608028842020848 0.08277042557819314 0.11739474742157954
1 0.710589982831586 0.862409485537884 0.08463559029361581 0.06758898856586737
1 0.6980472139019831 0.9564185050885079 0.05690450585373246 0.08716298982298427
1 0.817930478667242 0.7418087886270642 0.05029089149054779 0.07132845412956751
1 0.9130487037529789 0.9146327701531795 0.03981362243001693 0.056468359519240924