1 0.25022622706495024 0.8589773481151531 0.22332314754327212 0.2725797144069481
1 0.3105802885831657 0.9233985830681232 0.15941244239885002 0.14812822165640302
1 0.603786016034857 0.885475473088651 0.10360352205615726 0.12645450668363575
1 0.7318940183700581 0.5657386677276017 0.07816873308625034 0.09415451616096912
1 0.7920728458177204 0.7205508087559657 0.0886385688702679 0.10818885571822155
1 0.8956842312331278 0.7780432739232392 0.12547537671245693 0.1531504580946252
1 0.8833548981509067 0.49594529821774436 0.05410406151821547 0.06603735349034297
0 0.4142136914044743 0.7959425694179424 0.03787847450885593 0.04497776356177749
0 0.4252433755925252 0.9424784277884068 0.03683680784218926 0.044961602376403995
0 0.5054188336797829 0.9871239139967714 0.03431868553894901 0.013017157931959547
0 0.3129028829445776 0.9859389860315575 0.038100587009359546 0.021398974821414007
0 0.5271955096671075 0.6613885800622665 0.04363422573419792 0.052003013933090696
0 0.5987733615061278 0.6234274997524895 0.03809744166565944 0.04775554133955527
0 0.6594137133451483 0.5856361118891364 0.034643990930454054 0.043540391116767475
0 0.8196490061166375 0.4948477971922085 0.04834831029287348 0.05901210311902992
0 0.6824194188561656 0.7584073278874396 0.045717559067531256 0.052035336303838324
0 0.8003904524325528 0.8525275755711575 0.034643990930454054 0.043540391116767475
0 0.8874416602787712 0.7065558991088958 0.04719716004780494 0.057607053044767376
0 0.9719918943493243 0.6148559370182299 0.02877875612671043 0.03512625185656538