1 0.8548429470647408 0.35420091763134126 0.07086189964125396 0.095009035629719
1 0.8630150891925975 0.18004093924046083 0.07829911552213223 0.0996852223727486
1 0.4803523693144818 0.31341369465648733 0.07086189964125383 0.09500903562971909
1 0.6836357656474698 0.3081266294766978 0.044697505927560145 0.05992877632028429
0 0.9337784427913135 0.3812970219579422 0.031615309070713235 0.04238864666556689
0 0.7411072147791252 0.3518225177121031 0.04474602233229727 0.06131766520917318
0 0.9825028103120644 0.21205913161155981 0.026940656189489688 0.05730248153165686
0 0.7661301141441892 0.12871797376511723 0.03701770802299554 0.04830814513281025
0 0.6491595019303228 0.1442131579455907 0.03270549214211703 0.04385032413679338
0 0.2879836508143091 0.29022558470181703 0.04251713978475233 0.05700542137783139
0 0.08456898842106964 0.25443124478587803 0.044648989522822875 0.058539887431395404