0 0.26586458333333335 0.0245 0.046614583333333334 0.049
0 0.4081354166666666 0.22623611111111108 0.04781249999999997 0.0612222222222222
0 0.54296875 0.25440277777777776 0.05914583333333331 0.08420833333333333
0 0.3567916666666667 0.44187499999999996 0.04096875000000004 0.0646944444444445
0 0.4530729166666667 0.4561527777777778 0.04604166666666672 0.07104166666666664
0 0.4578125 0.9513888888888888 0.078125 0.09722222222222222
0 0.21020833333333327 0.8427777777777777 0.06029166666666666 0.0942916666666668
1 0.1295520833333332 0.3430277777777778 0.19064583333333332 0.5892361111111111
1 0.2978645833333334 0.3747916666666667 0.10643750000000003 0.4083055555555556
1 0.33489583333333334 0.8347222222222223 0.128125 0.33055555555555555
1 0.5204895833333334 0.6535 0.10169791666666672 0.4823888888888888