0 0.7750130642076395 0.8427704568092541 0.03294628330791672 0.039756446052464235
0 0.7358548903852553 0.9296369892981965 0.03195310676282427 0.04246143524790429
0 0.5471430728194913 0.9031919950767924 0.030911440096157605 0.04238864666556689
0 0.5058041499470376 0.9547510437725745 0.03163792097259256 0.02440587969234874
0 0.4344729219203941 0.8714334343447465 0.03410917527851846 0.0467736790792464
0 0.3715135721862043 0.9391043766029507 0.03573185245689814 0.020530367355032317
0 0.4216196266446301 0.7325779868347888 0.03091144009615737 0.04238864666556689
0 0.2967754776453939 0.6307503728839539 0.02984552836870371 0.0409269691943406
0 0.22440345389925967 0.607300562843023 0.03192886170203704 0.04107254635901556
0 0.16034051842567168 0.5818795552545029 0.03297052836870371 0.041145334941353126
0 0.1658540923867829 0.7483642504653258 0.038372822188333384 0.0526203889641522
0 0.0671031484909033 0.8567772375497887 0.02664779318634262 0.03654193678066109
1 0.6958719490225237 0.939383794162637 0.10150232282162032 0.03344938137563215
1 0.5401172308743062 0.8591842821263733 0.13537078938662053 0.18563303884575866
1 0.5932166793927551 0.7643906593314294 0.2773275258355556 0.1525495190704482
1 0.2573649080526857 0.8525210990509625 0.08042828077476863 0.13740358811976106
1 0.0524817056720375 0.7361229227600617 0.08081533080018524 0.09997637670209877
1 0.08932534713643554 0.5764125121867901 0.057559233282500046 0.07893058344622798