1 0.4311891455176273 0.9011527876432788 0.14009845368117838 0.13106971222282007
1 0.20578613959843095 0.8297697201152209 0.21392952198739704 0.10879860617836054
1 0.411669495115553 0.7265120690529778 0.20012189929552449 0.2852166959461259
1 0.7900857338599988 0.8774169727619741 0.10772194366310188 0.10861453004191869
0 0.15770316360253606 0.915535826719906 0.04190301600273673 0.05805148955241748
0 0.019833488999964923 0.8436335200206606 0.03257649791782802 0.0682885155142344
0 0.21365283449901057 0.7220483110936262 0.05448785935414649 0.07866138086258698
0 0.4140046756373206 0.9034497215280953 0.04190907624212319 0.05944037844130605
0 0.4663088604543598 0.8297951326348353 0.03981362243001693 0.056468359519240924
0 0.5672478503053555 0.9162563307562954 0.03981362243001693 0.056468359519240924
0 0.6464868925907612 0.8060488292095196 0.05029089149054755 0.07132845412956751