0 0.007291666666666667 0.24305555555555555 0.014583333333333334 0.08055555555555556
0 0.17419791666666667 0.10423611111111104 0.046604166666666676 0.07276388888888888
0 0.2402708333333334 0.30776388888888895 0.06208333333333336 0.0909305555555556
0 0.6734375 0.043055555555555555 0.06354166666666666 0.08611111111111111
0 0.7334479166666665 0.26036111111111115 0.05678124999999999 0.06833333333333332
0 0.9300416666666665 0.12169444444444445 0.05412500000000004 0.08544444444444446
1 0.090625 0.019444444444444445 0.18125 0.03888888888888889
1 0.044270833333333336 0.4048611111111111 0.08854166666666667 0.12638888888888888
1 0.478375 0.16393055555555552 0.07163541666666665 0.21993055555555557
1 0.8239375 0.06991666666666671 0.12108333333333335 0.13188888888888886
1 0.8824166666666665 0.2236805555555555 0.12445833333333335 0.14391666666666666