1 0.49639732351824023 0.3130268251213852 0.11766294191141166 0.15432715775603928
1 0.28029587719032006 0.6619846499833001 0.1210558213022453 0.12278718114124748
1 0.3122509622563508 0.8684231856300566 0.09769909931311366 0.2592492630522202
1 0.1313751650162815 0.5142180162441575 0.08292435906137584 0.10876390165663723
1 0.0628734240807536 0.7778449730756386 0.011174913417245916 0.05064714852744411
0 0.6557226265578795 0.15117202958509673 0.05939177067909351 0.0778984701054293
0 0.27074786044443744 0.11989296808487608 0.04042051286402118 0.05430105726238806
0 0.21761693541257016 0.2616480254727524 0.040262647303803925 0.051523279484610246
0 0.1644698547785292 0.3757466454317468 0.03593811507691989 0.04842192744311041
0 0.3440712668127135 0.44293032707919433 0.06123830567210078 0.07389359057062374
0 0.40819246418954075 0.7044116603497834 0.04065731120434724 0.05846772392905469
0 0.06088333389894302 0.6698352140060273 0.032813115076919856 0.04817924674531879
0 0.24612843971089812 0.8363244512090303 0.05050590788499936 0.06752909935576289
0 0.14015654967203808 0.9698277168507482 0.03593811507691989 0.04842192744311041